/usr/bin/python3.4 /home/andy/Github/captcha-recognition/PyProj/ML/securimage/knn.py
/usr/local/lib/python3.4/dist-packages/sklearn/utils/validation.py:420: DataConversionWarning: Data with input dtype uint8 was converted to float64 by the normalize function.
  warnings.warn(msg, DataConversionWarning)
/usr/local/lib/python3.4/dist-packages/sklearn/utils/validation.py:420: DataConversionWarning: Data with input dtype uint8 was converted to float64 by the scale function.
  warnings.warn(msg, DataConversionWarning)
Classification report for classifier KNeighborsClassifier(algorithm='auto', leaf_size=30, metric='minkowski',
           metric_params=None, n_jobs=1, n_neighbors=5, p=2,
           weights='distance'):
             precision    recall  f1-score   support

          2     1.0000    0.9893    0.9946       281
          3     0.9857    0.9718    0.9787       284
          4     0.9866    0.9932    0.9899       296
          5     0.9674    0.9639    0.9656       277
          6     0.9748    0.9748    0.9748       278
          7     0.9853    0.9853    0.9853       340
          8     0.9377    0.9488    0.9432       254
          9     0.9630    0.9774    0.9701       266
          a     0.9866    0.9866    0.9866       298
          b     0.9755    0.9410    0.9580       339
          c     0.9938    0.9938    0.9938       322
          d     0.9800    0.9942    0.9871       345
          e     0.9967    0.9775    0.9870       311
          f     0.9508    1.0000    0.9748       290
          g     0.9968    0.9873    0.9920       314
          h     1.0000    0.9832    0.9915       357
          k     0.9908    0.9969    0.9938       323
          l     0.9824    0.9970    0.9896       335
          m     0.9880    0.9850    0.9865       333
          n     0.9852    0.9940    0.9896       335
          p     0.9786    0.9877    0.9831       324
          r     0.9861    0.9861    0.9861       288
          s     0.9707    0.9707    0.9707       307
          t     0.9906    0.9844    0.9875       320
          u     0.9788    0.9848    0.9818       328
          v     0.9778    0.9810    0.9794       315
          w     0.9908    0.9848    0.9878       328
          y     0.9934    0.9868    0.9901       303
          z     1.0000    0.9903    0.9951       309

avg / total     0.9831    0.9830    0.9830      9000


Confusion matrix:
[[278   0   0   0   0   0   0   0   1   0   0   0   0   1   0   0   0   0
    0   0   0   0   0   0   0   1   0   0   0]
 [  0 276   0   0   1   0   0   3   0   0   0   0   0   0   0   0   0   1
    0   0   0   1   1   0   1   0   0   0   0]
 [  0   0 294   0   0   0   0   0   1   0   0   0   0   0   0   0   0   0
    0   0   0   0   0   0   0   0   1   0   0]
 [  0   0   1 267   0   0   1   0   0   1   0   1   0   0   0   0   0   0
    0   0   0   0   5   0   1   0   0   0   0]
 [  0   0   0   4 271   0   2   0   0   0   0   0   0   0   0   0   0   0
    0   0   0   0   0   0   0   1   0   0   0]
 [  0   0   0   0   0 335   0   0   2   0   0   0   0   0   0   0   0   0
    0   0   0   1   0   1   0   1   0   0   0]
 [  0   1   0   0   2   0 241   4   0   5   0   0   0   0   0   0   0   1
    0   0   0   0   0   0   0   0   0   0   0]
 [  0   1   0   0   0   0   0 260   0   0   0   2   0   0   0   0   0   0
    0   0   0   0   3   0   0   0   0   0   0]
 [  0   0   0   0   0   0   0   0 294   0   0   0   0   1   0   0   0   0
    1   0   0   0   0   1   1   0   0   0   0]
 [  0   0   0   0   4   0  12   1   0 319   0   0   1   0   0   0   0   0
    0   0   2   0   0   0   0   0   0   0   0]
 [  0   0   0   0   0   0   0   0   0   0 320   0   0   0   1   0   0   0
    0   0   0   0   0   0   1   0   0   0   0]
 [  0   1   0   0   0   0   0   0   0   0   0 343   0   0   0   0   0   0
    0   0   1   0   0   0   0   0   0   0   0]
 [  0   0   0   0   0   0   0   0   0   1   0   0 304   5   0   0   0   1
    0   0   0   0   0   0   0   0   0   0   0]
 [  0   0   0   0   0   0   0   0   0   0   0   0   0 290   0   0   0   0
    0   0   0   0   0   0   0   0   0   0   0]
 [  0   0   0   0   0   0   0   0   0   1   2   1   0   0 310   0   0   0
    0   0   0   0   0   0   0   0   0   0   0]
 [  0   0   2   0   0   1   0   0   0   0   0   0   0   1   0 351   0   0
    0   0   1   1   0   0   0   0   0   0   0]
 [  0   0   0   0   0   0   0   0   0   0   0   0   0   0   0   0 322   0
    0   0   0   0   0   0   1   0   0   0   0]
 [  0   0   0   0   0   0   0   0   0   0   0   0   0   0   0   0   0 334
    0   0   0   0   0   0   1   0   0   0   0]
 [  0   0   0   0   0   0   0   0   0   0   0   0   0   0   0   0   1   0
  328   3   0   1   0   0   0   0   0   0   0]
 [  0   0   0   0   0   0   0   0   0   0   0   0   0   0   0   0   1   0
    1 333   0   0   0   0   0   0   0   0   0]
 [  0   0   0   1   0   0   0   0   0   0   0   0   0   2   0   0   0   0
    0   0 320   0   0   0   0   0   1   0   0]
 [  0   0   0   0   0   0   0   0   0   0   0   0   0   0   0   0   1   0
    0   0   3 284   0   0   0   0   0   0   0]
 [  0   0   0   4   0   0   1   1   0   0   0   1   0   1   0   0   0   0
    1   0   0   0 298   0   0   0   0   0   0]
 [  0   0   0   0   0   2   0   0   0   0   0   0   0   3   0   0   0   0
    0   0   0   0   0 315   0   0   0   0   0]
 [  0   0   0   0   0   0   0   1   0   0   0   1   0   0   0   0   0   3
    0   0   0   0   0   0 323   0   0   0   0]
 [  0   1   0   0   0   0   0   0   0   0   0   0   0   1   0   0   0   0
    0   0   0   0   0   0   1 309   1   2   0]
 [  0   0   0   0   0   0   0   0   0   0   0   0   0   0   0   0   0   0
    1   2   0   0   0   0   0   2 323   0   0]
 [  0   0   1   0   0   0   0   0   0   0   0   0   0   0   0   0   0   0
    0   0   0   0   0   1   0   2   0 299   0]
 [  0   0   0   0   0   2   0   0   0   0   0   1   0   0   0   0   0   0
    0   0   0   0   0   0   0   0   0   0 306]]
end
Classification report for classifier KNeighborsClassifier(algorithm='auto', leaf_size=30, metric='minkowski',
           metric_params=None, n_jobs=1, n_neighbors=5, p=2,
           weights='distance'):
             precision    recall  f1-score   support

          2     1.0000    0.9858    0.9928       281
          3     0.9856    0.9613    0.9733       284
          4     0.9866    0.9932    0.9899       296
          5     0.9852    0.9603    0.9726       277
          6     0.9786    0.9892    0.9839       278
          7     0.9824    0.9853    0.9838       340
          8     0.9380    0.9528    0.9453       254
          9     0.9559    0.9774    0.9665       266
          a     0.9899    0.9866    0.9882       298
          b     0.9760    0.9587    0.9673       339
          c     0.9969    0.9876    0.9922       322
          d     0.9717    0.9942    0.9828       345
          e     0.9967    0.9807    0.9887       311
          f     0.9568    0.9931    0.9746       290
          g     0.9936    0.9873    0.9904       314
          h     1.0000    0.9832    0.9915       357
          k     0.9938    0.9969    0.9954       323
          l     0.9881    0.9910    0.9896       335
          m     0.9910    0.9880    0.9895       333
          n     0.9882    0.9970    0.9926       335
          p     0.9727    0.9907    0.9817       324
          r     0.9793    0.9861    0.9827       288
          s     0.9771    0.9739    0.9755       307
          t     0.9937    0.9812    0.9874       320
          u     0.9758    0.9848    0.9803       328
          v     0.9778    0.9810    0.9794       315
          w     0.9878    0.9848    0.9863       328
          y     0.9934    0.9868    0.9901       303
          z     0.9967    0.9903    0.9935       309

avg / total     0.9836    0.9834    0.9835      9000


Confusion matrix:
[[277   0   1   0   0   0   0   1   0   0   0   0   0   0   0   0   0   0
    0   0   1   0   0   0   0   1   0   0   0]
 [  0 273   0   0   1   0   2   4   0   0   0   0   0   0   0   0   0   1
    0   0   0   1   1   0   1   0   0   0   0]
 [  0   0 294   0   0   0   0   0   1   0   0   0   0   0   0   0   0   0
    0   0   0   0   0   0   0   0   1   0   0]
 [  0   1   1 266   0   0   1   0   0   1   0   2   0   0   0   0   0   0
    0   0   0   0   4   0   1   0   0   0   0]
 [  0   0   0   0 275   1   2   0   0   0   0   0   0   0   0   0   0   0
    0   0   0   0   0   0   0   0   0   0   0]
 [  0   0   0   0   0 335   0   0   1   0   0   0   0   0   0   0   0   0
    0   0   0   2   1   0   0   1   0   0   0]
 [  0   0   0   0   2   0 242   4   0   5   0   0   0   0   0   0   0   1
    0   0   0   0   0   0   0   0   0   0   0]
 [  0   1   0   0   0   0   1 260   0   1   0   2   0   0   0   0   0   0
    0   0   0   0   1   0   0   0   0   0   0]
 [  0   0   0   0   0   0   0   0 294   0   0   0   0   1   0   0   0   0
    1   0   0   0   0   1   1   0   0   0   0]
 [  0   0   0   0   2   0   8   1   0 325   0   0   1   0   0   0   0   0
    0   0   2   0   0   0   0   0   0   0   0]
 [  0   0   0   0   0   0   0   0   0   0 318   1   0   0   2   0   0   0
    0   0   0   0   0   0   1   0   0   0   0]
 [  0   1   0   0   0   0   0   0   0   0   0 343   0   0   0   0   0   0
    0   0   1   0   0   0   0   0   0   0   0]
 [  0   0   0   0   0   0   0   0   0   0   0   1 305   5   0   0   0   0
    0   0   0   0   0   0   0   0   0   0   0]
 [  0   0   0   0   0   0   0   0   0   0   0   0   0 288   0   0   0   0
    0   0   1   1   0   0   0   0   0   0   0]
 [  0   0   0   0   1   0   0   0   0   1   1   1   0   0 310   0   0   0
    0   0   0   0   0   0   0   0   0   0   0]
 [  0   0   2   0   0   0   0   0   0   0   0   0   0   1   0 351   0   0
    0   0   1   1   0   0   0   0   1   0   0]
 [  0   0   0   0   0   0   0   0   0   0   0   0   0   0   0   0 322   0
    0   0   0   0   0   0   1   0   0   0   0]
 [  0   0   0   0   0   0   0   0   0   0   0   0   0   0   0   0   0 332
    0   0   0   0   0   0   2   0   0   0   1]
 [  0   0   0   0   0   0   0   0   1   0   0   0   0   0   0   0   0   0
  329   2   0   1   0   0   0   0   0   0   0]
 [  0   0   0   0   0   0   0   0   0   0   0   0   0   0   0   0   1   0
    0 334   0   0   0   0   0   0   0   0   0]
 [  0   0   0   1   0   0   0   0   0   0   0   0   0   1   0   0   0   0
    0   0 321   0   0   0   0   0   1   0   0]
 [  0   0   0   0   0   0   0   0   0   0   0   0   0   0   0   0   1   0
    0   0   3 284   0   0   0   0   0   0   0]
 [  0   0   0   3   0   0   1   1   0   0   0   1   0   1   0   0   0   0
    1   0   0   0 299   0   0   0   0   0   0]
 [  0   0   0   0   0   3   0   0   0   0   0   0   0   3   0   0   0   0
    0   0   0   0   0 314   0   0   0   0   0]
 [  0   0   0   0   0   0   1   1   0   0   0   1   0   0   0   0   0   2
    0   0   0   0   0   0 323   0   0   0   0]
 [  0   1   0   0   0   0   0   0   0   0   0   0   0   1   0   0   0   0
    0   0   0   0   0   0   1 309   1   2   0]
 [  0   0   0   0   0   0   0   0   0   0   0   0   0   0   0   0   0   0
    1   2   0   0   0   0   0   2 323   0   0]
 [  0   0   0   0   0   0   0   0   0   0   0   0   0   0   0   0   0   0
    0   0   0   0   0   1   0   3   0 299   0]
 [  0   0   0   0   0   2   0   0   0   0   0   1   0   0   0   0   0   0
    0   0   0   0   0   0   0   0   0   0 306]]
end

Process finished with exit code 0
