KNN score: 0.983444

Classification report for classifier KNeighborsClassifier(algorithm='auto', leaf_size=30, metric='minkowski',
           metric_params=None, n_jobs=1, n_neighbors=5, p=2,
           weights='uniform'):
             precision    recall  f1-score   support

          2     0.9963    0.9783    0.9872       276
          3     0.9679    0.9783    0.9731       277
          4     0.9713    0.9839    0.9776       310
          5     0.9759    0.9693    0.9726       293
          6     0.9439    0.9818    0.9624       274
          7     0.9876    0.9938    0.9907       321
          8     0.9544    0.9296    0.9418       270
          9     0.9660    0.9827    0.9743       289
          a     0.9814    0.9968    0.9890       317
          b     0.9712    0.9310    0.9507       290
          c     0.9835    0.9933    0.9884       300
          d     0.9844    0.9968    0.9906       317
          e     0.9941    0.9941    0.9941       338
          f     0.9662    0.9968    0.9812       315
          g     1.0000    0.9841    0.9920       314
          h     1.0000    0.9777    0.9887       314
          k     0.9908    1.0000    0.9954       324
          l     0.9798    0.9941    0.9869       341
          m     0.9858    0.9886    0.9872       350
          n     0.9870    0.9902    0.9886       306
          p     0.9742    0.9773    0.9758       309
          r     0.9896    0.9662    0.9778       296
          s     0.9934    0.9710    0.9821       310
          t     0.9935    0.9903    0.9919       308
          u     0.9969    0.9818    0.9893       330
          v     0.9877    0.9907    0.9892       324
          w     0.9843    0.9843    0.9843       318
          y     0.9874    0.9937    0.9905       315
          z     0.9943    0.9859    0.9901       354

avg / total     0.9829    0.9828    0.9828      9000