/usr/bin/python3.4 /home/andy/Github/captcha-recognition/PyProj/ML/securimage/svm.py
Classification report for classifier SVC(C=1.0, cache_size=200, class_weight=None, coef0=0.0,
  decision_function_shape=None, degree=3, gamma='auto', kernel='linear',
  max_iter=-1, probability=False, random_state=None, shrinking=True,
  tol=0.001, verbose=False):
             precision    recall  f1-score   support

          2       0.99      0.98      0.98       302
          3       0.96      0.97      0.97       302
          4       0.98      0.98      0.98       303
          5       0.97      0.96      0.96       274
          6       0.91      0.96      0.94       269
          7       0.97      0.97      0.97       329
          8       0.92      0.90      0.91       261
          9       0.97      0.95      0.96       289
          a       0.97      0.99      0.98       318
          b       0.98      0.94      0.96       349
          c       0.99      0.99      0.99       338
          d       0.98      0.98      0.98       342
          e       0.99      0.99      0.99       341
          f       0.97      0.98      0.97       282
          g       0.96      0.97      0.97       312
          h       0.98      0.98      0.98       306
          k       0.98      0.98      0.98       321
          l       0.98      0.99      0.99       349
          m       0.95      0.98      0.97       337
          n       0.95      0.96      0.96       283
          p       0.96      0.98      0.97       307
          r       0.98      0.96      0.97       311
          s       0.96      0.96      0.96       313
          t       0.98      0.97      0.98       318
          u       0.97      0.97      0.97       326
          v       0.96      0.97      0.96       291
          w       0.98      0.97      0.97       315
          y       0.98      0.98      0.98       333
          z       0.99      0.98      0.98       279

avg / total       0.97      0.97      0.97      9000


Confusion matrix:
[[296   0   0   0   0   0   0   0   0   0   0   0   0   0   0   0   0   0
    1   0   0   0   0   0   2   0   0   0   3]
 [  0 294   0   1   1   1   0   1   0   0   0   0   0   0   1   0   0   0
    0   0   0   0   1   0   1   0   1   0   0]
 [  0   0 296   0   1   0   0   2   2   0   0   0   0   0   0   0   0   0
    0   0   0   0   0   0   1   0   1   0   0]
 [  0   1   0 262   4   0   0   1   0   1   0   0   0   0   0   0   0   0
    0   0   0   0   5   0   0   0   0   0   0]
 [  0   0   0   0 258   0   5   0   0   0   0   1   0   0   1   0   1   0
    0   0   0   0   1   1   1   0   0   0   0]
 [  0   0   0   0   0 320   0   0   1   0   0   0   0   1   0   0   0   1
    0   0   0   0   0   3   0   0   0   3   0]
 [  0   1   0   1   9   0 234   2   0   3   0   1   2   0   1   0   0   1
    1   0   1   1   3   0   0   0   0   0   0]
 [  1   1   0   1   2   0   2 275   0   0   0   1   0   0   1   0   0   0
    0   1   1   0   1   0   1   1   0   0   0]
 [  0   0   1   1   0   0   0   0 314   0   0   0   0   0   0   0   1   0
    1   0   0   0   0   0   0   0   0   0   0]
 [  0   1   0   0   3   0   8   2   1 328   0   3   0   0   0   0   0   0
    0   1   0   1   1   0   0   0   0   0   0]
 [  0   0   0   0   0   0   0   0   0   0 334   0   0   0   3   0   0   0
    0   0   1   0   0   0   0   0   0   0   0]
 [  0   0   0   1   0   0   0   0   0   0   0 336   1   0   3   0   0   0
    0   0   1   0   0   0   0   0   0   0   0]
 [  0   0   0   1   0   0   0   0   0   1   0   0 338   0   0   0   0   0
    0   0   0   0   0   0   1   0   0   0   0]
 [  0   0   0   0   0   1   0   0   0   0   0   0   0 275   0   1   0   0
    0   0   3   2   0   0   0   0   0   0   0]
 [  0   1   0   1   3   0   0   0   0   0   2   0   0   0 304   0   0   0
    0   0   0   0   0   0   1   0   0   0   0]
 [  0   0   3   0   0   1   1   0   0   0   0   0   0   0   0 299   0   0
    0   2   0   0   0   0   0   0   0   0   0]
 [  0   0   0   0   0   0   0   0   1   0   0   0   0   0   0   0 316   1
    2   0   0   0   0   0   0   1   0   0   0]
 [  0   0   0   0   0   1   0   0   0   0   0   0   0   0   1   0   0 345
    0   0   1   0   0   0   1   0   0   0   0]
 [  0   0   1   0   0   0   0   0   0   0   0   0   0   0   0   0   1   0
  330   4   0   0   0   0   0   1   0   0   0]
 [  0   0   0   0   0   0   0   0   1   0   0   0   0   0   0   1   2   0
    6 272   0   1   0   0   0   0   0   0   0]
 [  0   0   0   0   0   0   0   0   1   0   0   0   0   5   0   0   0   0
    0   0 300   0   0   0   0   0   1   0   0]
 [  0   0   0   0   0   0   0   0   2   0   0   1   1   0   0   1   0   0
    1   2   2 300   0   0   0   0   1   0   0]
 [  1   6   0   0   1   0   3   1   0   0   0   0   0   0   0   0   0   0
    1   0   0   0 300   0   0   0   0   0   0]
 [  0   0   0   1   0   4   0   0   0   0   0   0   0   3   0   0   0   0
    0   0   0   0   0 310   0   0   0   0   0]
 [  0   2   0   0   0   0   0   0   0   0   0   0   1   0   1   0   0   2
    0   2   0   0   0   0 316   2   0   0   0]
 [  0   0   0   0   0   0   0   0   0   0   0   0   0   0   0   0   1   1
    0   1   0   0   0   1   0 283   1   3   0]
 [  0   0   0   0   0   0   0   0   0   0   0   0   0   0   0   2   0   0
    3   1   0   0   0   0   0   4 304   1   0]
 [  0   0   0   0   0   0   0   0   0   0   0   0   0   0   0   0   0   0
    0   0   1   0   0   0   0   4   0 328   0]
 [  2   0   0   0   0   2   0   0   0   0   1   0   0   0   0   0   0   0
    0   0   0   0   0   1   0   0   0   0 273]]

Process finished with exit code 0
