/usr/bin/python3.4 /home/andy/Github/captcha-recognition/PyProj/ML/securimage/svm.py
Classification report for classifier SVC(C=1.0, cache_size=200, class_weight=None, coef0=0.0,
  decision_function_shape=None, degree=2, gamma='auto', kernel='poly',
  max_iter=-1, probability=False, random_state=None, shrinking=True,
  tol=0.001, verbose=False):
             precision    recall  f1-score   support

          2     0.9889    0.9853    0.9871       272
          3     0.9790    0.9790    0.9790       286
          4     0.9789    1.0000    0.9893       324
          5     0.9792    0.9758    0.9775       289
          6     0.9398    0.9881    0.9634       253
          7     0.9842    0.9781    0.9811       319
          8     0.9742    0.9419    0.9578       241
          9     0.9818    0.9818    0.9818       275
          a     0.9907    0.9938    0.9922       322
          b     0.9687    0.9687    0.9687       319
          c     0.9886    0.9914    0.9900       349
          d     0.9756    0.9846    0.9801       325
          e     0.9813    0.9875    0.9844       319
          f     0.9907    0.9969    0.9938       321
          g     0.9910    0.9763    0.9836       337
          h     0.9801    0.9867    0.9834       300
          k     0.9970    0.9911    0.9941       338
          l     0.9763    0.9880    0.9821       333
          m     0.9721    0.9831    0.9776       355
          n     0.9804    0.9804    0.9804       306
          p     0.9937    0.9968    0.9953       317
          r     0.9936    0.9810    0.9872       315
          s     0.9866    0.9577    0.9719       307
          t     0.9966    0.9799    0.9882       298
          u     0.9877    0.9728    0.9802       331
          v     0.9647    0.9934    0.9789       303
          w     0.9879    0.9702    0.9790       336
          y     0.9904    0.9936    0.9920       313
          z     0.9966    0.9899    0.9932       297

avg / total     0.9830    0.9829    0.9829      9000


Confusion matrix:
[[268   0   0   0   0   0   0   2   0   0   0   0   1   0   0   0   0   0
    0   0   0   0   0   0   0   0   1   0   0]
 [  0 280   1   0   0   0   1   0   0   0   0   0   0   0   1   0   0   0
    0   0   1   0   0   0   1   1   0   0   0]
 [  0   0 324   0   0   0   0   0   0   0   0   0   0   0   0   0   0   0
    0   0   0   0   0   0   0   0   0   0   0]
 [  0   0   0 282   3   0   0   1   0   0   0   1   0   0   0   0   0   0
    0   0   0   0   2   0   0   0   0   0   0]
 [  1   0   0   0 250   0   1   0   0   0   0   0   0   0   0   0   0   0
    0   0   0   0   1   0   0   0   0   0   0]
 [  0   0   0   0   0 312   0   0   0   0   0   0   0   1   0   0   0   0
    0   2   0   0   0   1   0   2   0   1   0]
 [  0   1   0   0   4   0 227   1   1   4   0   0   0   0   0   1   0   0
    1   0   1   0   0   0   0   0   0   0   0]
 [  0   0   0   3   0   0   0 270   0   0   0   0   0   0   0   0   0   0
    0   0   0   0   0   0   0   2   0   0   0]
 [  0   0   0   0   0   0   0   0 320   0   0   0   0   0   0   0   1   0
    1   0   0   0   0   0   0   0   0   0   0]
 [  0   0   0   0   3   0   2   0   0 309   0   3   1   0   0   0   0   0
    0   0   0   0   1   0   0   0   0   0   0]
 [  0   0   0   0   0   0   0   0   0   0 346   1   0   0   1   0   0   1
    0   0   0   0   0   0   0   0   0   0   0]
 [  0   1   0   0   0   0   0   0   0   1   0 320   1   0   0   0   0   0
    0   0   0   0   0   0   1   1   0   0   0]
 [  0   0   0   0   1   0   0   0   0   1   1   0 315   0   0   0   0   1
    0   0   0   0   0   0   0   0   0   0   0]
 [  0   0   0   0   0   0   0   0   0   0   0   0   0 320   0   0   0   0
    0   0   0   1   0   0   0   0   0   0   0]
 [  0   0   0   0   3   0   0   1   0   1   2   1   0   0 329   0   0   0
    0   0   0   0   0   0   0   0   0   0   0]
 [  0   0   2   0   0   0   0   0   0   0   0   0   0   1   0 296   0   0
    0   1   0   0   0   0   0   0   0   0   0]
 [  0   0   0   0   0   0   0   0   0   0   1   0   0   0   0   0 335   1
    0   0   0   0   0   0   0   1   0   0   0]
 [  0   1   0   0   0   0   0   0   0   0   0   0   1   0   0   0   0 329
    2   0   0   0   0   0   0   0   0   0   0]
 [  0   0   0   0   0   0   0   0   1   0   0   0   0   0   0   0   0   0
  349   2   0   1   0   0   0   0   2   0   0]
 [  0   0   0   0   0   0   0   0   0   0   0   0   0   0   0   1   0   0
    3 300   0   0   0   0   2   0   0   0   0]
 [  0   0   0   0   0   0   0   0   0   0   0   0   0   0   0   0   0   0
    0   0 316   0   0   0   0   0   1   0   0]
 [  0   0   1   0   0   0   0   0   1   1   0   0   0   1   0   2   0   0
    0   0   0 309   0   0   0   0   0   0   0]
 [  2   1   0   3   2   0   1   0   0   1   0   1   0   0   1   0   0   1
    0   0   0   0 294   0   0   0   0   0   0]
 [  0   1   1   0   0   2   0   0   0   0   0   0   1   0   0   1   0   0
    0   0   0   0   0 292   0   0   0   0   0]
 [  0   1   0   0   0   1   0   0   0   1   0   1   1   0   0   0   0   4
    0   0   0   0   0   0 322   0   0   0   0]
 [  0   0   0   0   0   0   0   0   0   0   0   0   0   0   0   0   0   0
    0   1   0   0   0   0   0 301   0   1   0]
 [  0   0   1   0   0   0   0   0   0   0   0   0   0   0   0   1   0   0
    3   0   0   0   0   0   0   3 326   1   1]
 [  0   0   1   0   0   0   0   0   0   0   0   0   0   0   0   0   0   0
    0   0   0   0   0   0   0   1   0 311   0]
 [  0   0   0   0   0   2   1   0   0   0   0   0   0   0   0   0   0   0
    0   0   0   0   0   0   0   0   0   0 294]]

Process finished with exit code 0


/usr/bin/python3.4 /home/andy/Github/captcha-recognition/PyProj/ML/securimage/svm.py
Classification report for classifier SVC(C=1.0, cache_size=200, class_weight=None, coef0=0.0,
  decision_function_shape=None, degree=2, gamma='auto', kernel='poly',
  max_iter=-1, probability=False, random_state=None, shrinking=True,
  tol=0.001, verbose=False):
             precision    recall  f1-score   support

          2     0.9833    0.9932    0.9882       296
          3     0.9963    0.9779    0.9870       272
          4     0.9903    1.0000    0.9951       307
          5     0.9879    0.9721    0.9799       251
          6     0.9714    0.9749    0.9732       279
          7     0.9803    0.9887    0.9845       353
          8     0.9620    0.9476    0.9547       267
          9     0.9760    0.9862    0.9811       289
          a     0.9866    0.9932    0.9899       296
          b     0.9874    0.9601    0.9736       326
          c     0.9909    0.9909    0.9909       328
          d     0.9968    0.9873    0.9920       315
          e     0.9874    0.9874    0.9874       318
          f     0.9599    0.9931    0.9762       289
          g     0.9900    0.9900    0.9900       300
          h     0.9847    0.9787    0.9817       328
          k     0.9822    0.9940    0.9881       334
          l     0.9876    0.9876    0.9876       322
          m     0.9646    0.9861    0.9752       359
          n     0.9900    0.9707    0.9803       307
          p     0.9941    0.9941    0.9941       338
          r     0.9883    0.9712    0.9797       347
          s     0.9797    0.9797    0.9797       296
          t     0.9899    0.9833    0.9866       300
          u     0.9669    0.9877    0.9772       325
          v     0.9837    0.9805    0.9821       308
          w     0.9756    0.9786    0.9771       327
          y     0.9969    0.9907    0.9938       322
          z     0.9967    0.9934    0.9950       301

avg / total     0.9837    0.9837    0.9837      9000


Confusion matrix:
[[294   0   0   0   0   1   0   1   0   0   0   0   0   0   0   0   0   0
    0   0   0   0   0   0   0   0   0   0   0]
 [  0 266   0   1   0   0   1   0   0   0   0   0   0   1   0   0   0   0
    0   0   0   0   0   0   2   0   1   0   0]
 [  0   0 307   0   0   0   0   0   0   0   0   0   0   0   0   0   0   0
    0   0   0   0   0   0   0   0   0   0   0]
 [  0   0   0 244   2   0   1   1   0   0   0   0   0   0   0   0   0   0
    0   0   0   0   3   0   0   0   0   0   0]
 [  1   0   0   0 272   0   1   1   0   0   0   0   0   0   0   0   1   0
    1   0   0   0   2   0   0   0   0   0   0]
 [  0   0   0   0   0 349   0   1   0   0   0   0   0   0   0   0   0   0
    0   0   0   1   0   1   0   1   0   0   0]
 [  0   0   1   0   4   0 253   1   0   4   0   0   1   0   0   0   0   1
    0   0   0   0   1   0   0   0   1   0   0]
 [  0   1   0   0   0   0   0 285   0   0   0   0   1   0   1   0   0   0
    0   0   0   0   0   0   1   0   0   0   0]
 [  0   0   0   0   0   0   0   0 294   0   0   0   0   0   0   0   0   0
    0   0   0   0   0   1   1   0   0   0   0]
 [  0   0   0   0   2   0   4   2   1 313   0   1   0   0   0   0   0   0
    1   0   0   1   0   0   1   0   0   0   0]
 [  0   0   0   0   0   0   0   0   0   0 325   0   0   0   1   0   0   1
    0   0   0   0   0   0   1   0   0   0   0]
 [  1   0   0   0   0   0   0   0   0   0   0 311   1   0   0   0   0   0
    0   0   1   0   0   0   1   0   0   0   0]
 [  0   0   0   1   0   0   0   0   0   0   0   0 314   1   0   0   0   1
    0   0   0   0   0   0   0   0   0   0   1]
 [  0   0   0   0   0   0   0   0   0   0   1   0   0 287   0   0   0   0
    0   0   0   1   0   0   0   0   0   0   0]
 [  0   0   0   0   0   0   0   0   0   0   2   0   0   0 297   0   0   0
    0   0   0   0   0   0   1   0   0   0   0]
 [  0   0   1   0   0   1   0   0   0   0   0   0   0   3   0 321   1   0
    0   0   0   0   0   0   0   1   0   0   0]
 [  0   0   0   0   0   0   0   0   1   0   0   0   0   0   0   0 332   0
    0   0   0   0   0   0   1   0   0   0   0]
 [  0   0   0   1   0   0   0   0   0   0   0   0   0   0   0   0   0 318
    1   1   1   0   0   0   0   0   0   0   0]
 [  0   0   0   0   0   0   0   0   1   0   0   0   0   0   0   1   0   0
  354   1   0   0   0   0   0   0   2   0   0]
 [  0   0   0   0   0   0   0   0   0   0   0   0   0   0   0   0   2   0
    6 298   0   0   0   0   0   0   1   0   0]
 [  0   0   0   0   0   0   0   0   0   0   0   0   0   1   0   0   0   0
    0   0 336   0   0   0   0   0   1   0   0]
 [  1   0   0   0   0   0   0   0   1   0   0   0   0   3   0   3   1   0
    0   0   0 337   0   0   1   0   0   0   0]
 [  1   0   0   0   0   1   2   0   0   0   0   0   0   0   0   0   0   0
    1   0   0   0 290   1   0   0   0   0   0]
 [  0   0   1   0   0   3   0   0   0   0   0   0   0   1   0   0   0   0
    0   0   0   0   0 295   0   0   0   0   0]
 [  0   0   0   0   0   0   1   0   0   0   0   0   1   0   1   0   0   1
    0   0   0   0   0   0 321   0   0   0   0]
 [  0   0   0   0   0   0   0   0   0   0   0   0   0   1   0   0   1   0
    0   1   0   0   0   0   1 302   2   0   0]
 [  0   0   0   0   0   0   0   0   0   0   0   0   0   1   0   1   0   0
    3   0   0   0   0   0   0   1 320   1   0]
 [  0   0   0   0   0   0   0   0   0   0   0   0   0   0   0   0   0   0
    0   0   0   1   0   0   0   2   0 319   0]
 [  1   0   0   0   0   1   0   0   0   0   0   0   0   0   0   0   0   0
    0   0   0   0   0   0   0   0   0   0 299]]

Process finished with exit code 0
