	/usr/bin/python3.4 /home/andy/Github/captcha-recognition/PyProj/ML/securimage/svm.py
Classification report for classifier SVC(C=1.0, cache_size=200, class_weight=None, coef0=0.0,
  decision_function_shape=None, degree=3, gamma=0.001, kernel='linear',
  max_iter=-1, probability=False, random_state=None, shrinking=True,
  tol=0.001, verbose=False):
             precision    recall  f1-score   support

          2       0.97      0.98      0.98       280
          3       0.99      0.96      0.98       305
          4       0.98      1.00      0.99       283
          5       0.96      0.96      0.96       281
          6       0.95      0.97      0.96       273
          7       0.96      0.98      0.97       296
          8       0.93      0.93      0.93       262
          9       0.96      0.97      0.96       280
          a       0.97      0.99      0.98       305
          b       0.97      0.93      0.95       335
          c       0.99      0.98      0.98       317
          d       0.98      0.99      0.98       337
          e       0.98      0.98      0.98       313
          f       0.99      0.99      0.99       308
          g       0.98      0.98      0.98       310
          h       0.98      0.98      0.98       321
          k       0.99      0.99      0.99       329
          l       0.98      0.99      0.99       364
          m       0.96      0.96      0.96       344
          n       0.98      0.96      0.97       313
          p       0.98      0.99      0.99       326
          r       0.99      0.98      0.98       326
          s       0.97      0.95      0.96       296
          t       0.99      0.97      0.98       334
          u       0.96      0.98      0.97       303
          v       0.96      0.97      0.97       333
          w       0.98      0.96      0.97       296
          y       0.98      0.99      0.99       310
          z       0.99      0.98      0.99       320

avg / total       0.97      0.97      0.97      9000


Confusion matrix:
[[274   0   0   0   0   0   0   2   1   0   0   0   1   0   0   0   0   0
    0   0   0   0   0   0   2   0   0   0   0]
 [  1 294   0   1   1   0   1   2   0   0   0   0   0   0   0   0   0   0
    0   0   0   0   1   1   3   0   0   0   0]
 [  0   0 283   0   0   0   0   0   0   0   0   0   0   0   0   0   0   0
    0   0   0   0   0   0   0   0   0   0   0]
 [  1   2   0 270   1   0   0   1   1   0   0   1   0   0   0   0   0   0
    0   0   0   0   4   0   0   0   0   0   0]
 [  0   0   1   2 265   0   0   0   0   1   0   1   0   0   0   0   0   0
    0   0   0   0   2   0   0   1   0   0   0]
 [  0   0   0   0   0 290   1   0   0   0   0   0   0   0   0   0   0   0
    0   0   0   0   0   2   0   1   0   2   0]
 [  0   2   1   0   3   0 243   0   2   4   0   1   0   0   0   0   0   0
    1   0   0   0   2   0   1   1   0   1   0]
 [  1   0   0   0   1   0   0 271   0   0   0   1   0   0   1   0   0   0
    0   1   1   0   1   0   2   0   0   0   0]
 [  0   0   1   0   0   0   0   0 303   0   0   0   0   0   0   0   0   0
    1   0   0   0   0   0   0   0   0   0   0]
 [  1   0   0   1   6   0   9   3   0 313   0   1   0   0   0   0   0   0
    0   0   0   1   0   0   0   0   0   0   0]
 [  1   0   0   0   0   0   0   0   0   0 311   0   0   1   3   0   0   1
    0   0   0   0   0   0   0   0   0   0   0]
 [  0   0   0   0   0   0   0   1   0   0   0 332   2   0   0   0   0   0
    0   0   2   0   0   0   0   0   0   0   0]
 [  0   0   0   1   0   0   1   0   0   0   0   0 308   0   0   0   0   1
    0   0   0   0   0   0   1   0   0   0   1]
 [  0   0   0   0   0   0   0   0   0   0   0   0   2 305   0   0   0   0
    0   0   1   0   0   0   0   0   0   0   0]
 [  0   0   0   0   1   0   0   1   1   0   3   0   0   0 304   0   0   0
    0   0   0   0   0   0   0   0   0   0   0]
 [  0   0   0   1   0   0   0   0   0   0   0   0   0   0   0 314   1   1
    0   2   0   0   0   0   0   1   0   1   0]
 [  0   0   0   0   0   0   0   0   0   0   0   0   0   0   0   0 326   1
    0   0   0   0   0   0   0   2   0   0   0]
 [  0   0   0   0   0   1   0   0   1   0   1   0   0   0   0   0   0 361
    0   0   0   0   0   0   0   0   0   0   0]
 [  0   0   1   0   0   0   0   0   1   1   0   0   0   0   0   3   2   0
  330   2   0   0   0   0   0   1   3   0   0]
 [  0   0   0   0   0   0   0   0   0   0   0   0   0   0   0   3   1   0
    5 301   0   1   0   0   1   1   0   0   0]
 [  0   0   0   0   0   0   0   0   0   0   0   2   0   2   0   0   0   0
    0   0 322   0   0   0   0   0   0   0   0]
 [  0   0   1   0   1   1   0   0   1   1   0   0   0   0   0   0   0   0
    0   1   1 319   0   0   0   0   0   0   0]
 [  1   0   0   6   0   1   4   0   0   1   0   0   0   0   1   1   0   0
    0   0   0   1 280   0   0   0   0   0   0]
 [  0   0   1   0   0   7   0   0   0   0   0   0   0   1   0   0   0   0
    0   0   0   0   0 325   0   0   0   0   0]
 [  0   0   0   0   0   0   0   0   0   1   0   1   0   0   1   0   0   2
    0   0   0   0   0   0 297   1   0   0   0]
 [  0   0   0   0   0   0   1   1   0   0   0   0   0   0   0   0   0   0
    0   0   0   0   0   0   1 323   4   3   0]
 [  0   0   0   0   0   0   0   0   0   0   0   0   0   0   0   0   0   0
    5   1   0   0   0   0   1   3 285   0   1]
 [  0   0   0   0   0   0   0   0   0   0   0   0   0   0   0   0   0   0
    0   0   0   1   0   0   0   1   0 308   0]
 [  2   0   0   0   0   2   0   0   0   0   0   0   1   0   0   0   0   0
    0   0   0   0   0   0   0   0   0   0 315]]

Process finished with exit code 0
